000 000 000 000 000 000 011 000 000 000 000 000
000 003 000 000 000 000 000 000 000 000 000 000
000 000 000 000 000 000 000 005 000 005 000 005
000 000 000 010 000 000 000 000 000 000 000 000
000 000 000 000 000 000 000 000 000 000 000 000
006 000 006 000 006 000 006 000 000 000 000 000
008 007 000 000 000 000 000 000 000 000 000 009
008 000 000 000 000 000 000 000 000 002 000 009
008 000 000 000 000 000 000 000 000 000 000 009
008 000 000 000 000 000 000 000 000 002 000 009
000 007 000 000 000 000 000 000 000 000 000 000
000 000 000 000 000 000 000 000 000 004 000 000
000 000 000 000 000 000 000 000 000 000 000 000
000 000 007 000 000 000 000 000 000 000 000 000
000 000 000 000 000 000 000 000 000 000 000 000
000 000 000 000 000 000 000 000 000 000 007 000
000 000 000 000 000 000 011 000 000 000 000 000
000 003 000 000 000 000 000 000 000 000 000 000
000 000 000 000 000 000 000 005 000 005 000 005
000 000 000 010 000 000 000 000 000 000 000 000
000 000 000 000 000 000 000 000 000 000 000 000
006 000 006 000 006 000 006 000 000 000 000 000
008 007 000 000 000 000 000 000 000 000 000 009
008 000 000 000 000 000 000 000 000 002 000 009
008 000 000 000 000 000 000 000 000 000 000 009
008 000 000 000 000 000 000 000 000 002 000 009
000 007 000 000 000 000 000 000 000 000 000 000
000 000 000 000 000 000 000 000 000 004 000 000
000 000 000 000 000 000 000 000 000 000 000 000
000 000 007 000 000 000 000 000 000 000 000 000
000 000 000 000 000 000 000 000 000 000 000 000
000 000 000 000 000 000 000 000 000 000 000 000
000 000 000 000 000 000 000 000 000 000 000 000
000 000 000 000 000 000 000 000 000 000 000 000
000 000 000 000 000 000 000 000 000 000 000 000
000 000 000 000 000 000 000 000 000 000 000 000
enemy_1B.txt

