001 001 001 001 001 001 001 001 001 001 001
001 001 001 001 001 001 001 001 001 001 001
001 001 001 001 001 001 001 001 001 001 001
001 001 001 001 001 001 001 001 001 001 001
001 001 001 001 001 001 001 001 001 001 001
001 001 001 001 001 001 001 001 001 001 001
001 001 001 001 001 001 001 001 001 001 001
001 001 001 001 001 001 001 001 001 001 001
001 001 001 001 001 001 001 001 001 001 001
001 001 001 001 001 001 001 001 001 001 001
001 001 001 001 001 001 001 001 001 001 001
001 001 001 001 001 001 001 001 001 001 001
001 001 001 001 001 001 001 001 001 001 001
001 001 001 001 001 001 001 001 001 001 001
001 001 001 001 001 001 001 001 001 001 001
001 001 001 001 001 001 001 001 001 001 001
001 001 001 001 001 001 001 001 001 001 001
001 001 001 001 001 001 001 001 001 001 001
001 001 001 001 001 001 001 001 001 001 001
001 001 001 001 001 001 001 001 001 001 001
001 001 001 001 001 001 001 001 001 001 001
001 001 001 001 001 001 001 001 001 001 001
001 001 001 001 001 001 001 001 001 001 001
001 001 001 001 001 001 001 001 001 001 001
001 001 001 001 001 001 001 001 001 001 001
001 001 001 001 001 001 001 001 001 001 001
001 001 001 001 001 001 001 001 001 001 001
001 001 001 001 001 001 001 001 001 001 001
001 001 001 001 001 001 001 001 001 001 001
001 001 001 001 001 001 001 001 001 001 001
001 001 001 001 001 001 001 001 001 001 001
001 001 001 001 001 001 001 001 001 001 001
001 001 001 001 001 001 001 001 001 001 001
001 001 001 001 001 001 001 001 001 001 001
001 001 001 001 001 001 001 001 001 001 001
001 001 001 001 001 001 001 001 001 001 001
stage_0.txt
